[-32.9593838657, -31.0518799988]
[-34.5737051799, -33.5569648581]
[-33.5443491847, -29.0495769411]
[-23.4958860716, -22.2223242784]
[-21.0338591979, -24.3973916236]
[-21.2883645797, -27.9832218712]
[-21.346980289, -24.7382343281]
[-20.64840522, -26.804297616]
[-24.5706265634, -30.0688713296]
[-25.6589762958, -26.4518113191]
[-28.7251087019, -28.9524433996]
[-31.7510654162, -27.8775367391]
[-30.0688713296, -26.6376429505]
[-30.094256315, -24.2448124744]
[-28.9971393283, -25.6895425079]
[-33.0900012088, -31.0993180721]
[-31.5283380939, -31.3209334899]
[-13.934980354, -16.941015289]
[-16.1556271522, -14.7341351429]
[-14.1202330469, -17.7164647153]
[-15.2202378373, -18.7107762308]
[-17.7737165492, -22.4091992317]
[-15.09425418, -13.779462641]
[-16.6929613927, -14.0011639235]
[-16.332808587, -15.2862321921]
[-14.5496111572, -13.3881801155]
[-14.8858066465, -17.0196550512]
[-13.7665198735, -12.7786035375]
[-10.5179575564, -11.2955959727]
[-8.27654127817, -7.93682631836]
[-10.0959512881, -11.6785591855]
[-8.28892316143, -8.08751798144]
[-12.5003132468, -11.2499802678]
[-9.10989586159, -11.0235410189]
[-10.9017960982, -10.709575756]
[-9.47693268505, -10.5589835002]
[-9.54189494976, -10.0494596263]
[-10.2231661788, -7.94211614169]
[-8.32686642737, -11.4428013315]
[-10.8480248091, -10.7817340428]
[-7.83170080349, -8.47891173747]
[-8.66020760562, -9.64589008162]
[-9.46116166004, -9.7308047202]
[-8.79560495088, -9.09477681576]
[-9.56020366402, -9.18207292381]
[-12.7889981943, -13.6687800781]
[-8.84096600053, -9.70645856868]
[-8.29030001642, -8.77010213172]
[-11.5583757825, -11.3209334899]
[-9.7487020359, -9.4729872434]
[-11.0575589069, -12.5059044215]
[-8.07541970404, -9.01657922022]
[-8.34901902314, -10.0815545487]
[-9.4171545253, -9.94138205508]
[-8.65589805969, -9.12579923431]
[-9.80753425084, -9.99232093759]
[-10.8120545219, -10.3400592455]
[-8.05328320073, -8.93018138919]
[-9.94388027368, -10.1991174232]
[-8.68827189381, -10.9306730168]
[-8.67242961019, -7.2844020457]
[-10.3043917634, -11.9324058156]
[-9.12883175233, -8.50216148637]
[-6.60525937569, -7.22756141529]
[-9.14173177862, -9.72917951866]
[-5.30326189819, -6.54310403238]
[-10.5046213191, -10.6190874948]
[-10.1129192357, -10.7991783595]
[-7.11257896345, -8.64083146504]
[-7.00087908744, -10.2507322506]
[-8.03187124408, -9.37648944147]
[-7.73687148446, -9.26178163834]
[-6.73092052186, -6.91524494166]
[-8.99042025906, -8.96359583807]
[-7.34470387366, -8.88730262316]
[-7.82517251334, -8.85050730575]
[-6.42510944696, -6.5436670823]
[-10.2524580383, -10.1648771517]
[-7.15053629831, -8.19103944945]
[-9.50064304455, -11.120273184]
[-10.895288769, -10.7068473471]
[-7.98255732973, -7.70978247722]
[-8.61291979468, -9.30423286516]
[-8.34347557524, -7.99452686259]
[-7.03954258743, -7.27888505432]
[-8.77956586859, -9.72024634167]
[-10.9680759797, -8.05127358602]
[-4.77857844624, -7.21295304806]
[-5.41428716743, -6.4663091802]
[-5.70537729591, -7.73364216902]
[-6.21114694762, -7.56418409398]
[-8.13405145079, -8.08348334965]
[-7.70205825293, -9.25331623334]
[-4.24697341227, -6.02510744956]
[-10.4092001498, -8.66739493713]
[-5.91442410572, -7.94542391797]
[-4.62688980998, -6.89059744422]
[-9.03831362903, -11.4785049701]
[-6.58769781231, -9.2895444274]
[-3.86931251231, -5.13072248716]
[-5.52424605309, -8.10165396955]
[-7.39983290008, -8.49934001821]
[-6.33669143304, -7.88607582287]
[-7.51115189481, -7.20808904701]
[-6.34054095208, -7.28685516713]
[-7.29667458697, -7.87622377866]
[-8.22308948095, -8.19172013513]
[-4.45386819529, -6.75108075753]
[-7.84084866072, -7.92361583728]
[-2.77318092233, -4.84824494646]
[-8.88214188563, -7.07418822851]
[-7.22390701949, -8.33655123683]
[-4.45077012247, -5.99492509777]
[-5.39946735555, -5.88201403216]
[-4.21461565858, -7.23121734925]
[-5.02607767945, -7.1995835938]
[-11.4259921597, -7.88541867215]
[-5.79944643869, -5.21342297451]
[-4.57331888855, -7.0377543248]
[-5.94485308097, -7.83627352781]
[-7.70334514673, -8.47891173747]
[-5.11255716374, -4.62959963414]
[-6.34549284191, -7.98920503374]
[-5.5936209311, -5.72277774055]
[-7.71171460706, -7.63731681055]
[-9.52759326217, -8.71570408136]
[-6.20789603761, -6.99198112903]
[-7.72525156348, -6.8853249248]
[-10.2533210608, -9.28645528728]
[-10.0604261276, -12.6400477492]
[-7.16866968618, -4.25951746463]
[-7.05207074527, -4.19611810289]
[-4.78179569777, -3.76155493511]
[-3.32629267331, -4.5093777891]
[-4.19268103914, -4.7684748353]
[-4.1828070501, -4.52052240511]
[-6.92877207725, -8.71498107061]
[-4.46937515635, -5.87002162627]
[-3.88298031944, -5.00529915902]
[-4.35264829233, -5.9086650997]
[-3.21657796705, -6.23828528638]
[-9.18665167438, -7.25807465414]
[-8.47047268931, -9.12504127021]
[-4.73640494948, -6.85434039584]
[-6.94232031246, -6.1259429017]
[-6.83568612905, -7.76145359711]
[-3.48400115806, -6.09968776359]
[-6.65416526035, -7.55785373174]
[-5.41972744013, -5.79841283488]
[-5.69413673128, -5.0431153369]
[-8.36219890852, -9.32049640541]
[-6.86894196879, -8.29787662258]
[-7.42410126102, -7.6105360402]
[-4.9119394313, -6.26714480269]
[-3.54358901791, -6.28844245857]
[-8.70919915018, -7.91503978635]
[-8.84390067059, -6.70048096607]
[-6.14958676338, -5.75716921684]
[-9.42970525757, -10.4868714619]
[-6.24807588254, -7.69305533105]
[-5.6406880666, -5.95537059711]
[-4.95028779221, -8.27035694923]
[-7.17169560143, -7.63731681055]
[-5.09061826984, -6.47133331394]
[-7.03417890366, -8.77082974551]
[-3.51612782135, -6.07084515681]
[-6.41400784826, -8.26898325167]
[-7.17532809175, -7.48538424991]
[-5.70026614498, -8.7548363051]
[-8.95392956431, -8.38931517596]
[-8.9427895222, -9.39836236514]
[-6.77186593276, -7.55911943515]
[-8.47891173747, -9.16378202021]
[-7.05027990173, -7.16806462961]
[-10.3758737957, -11.5053793422]
[-8.0358819674, -8.12864347201]
[-3.76319008, -5.9606341348]
[-3.8333819569, -4.83759735224]
[-9.25177795482, -8.65877085272]
[-4.28031992456, -4.9864526322]
[-9.73649532151, -8.14284660403]
[-6.29719508774, -9.00012725043]
[-7.9381484722, -7.49982985588]
[-6.73437324072, -8.74757628325]
[-7.8290888986, -9.03006313957]
[-6.01503500782, -7.71493577885]
[-7.44219102299, -8.68899268462]
[-3.58394304774, -5.01520997986]
[-6.49929821137, -7.76210143523]
[-5.36547744205, -8.39279775074]
[-6.52117350599, -8.99042025906]
[-5.41132118153, -4.65040308693]
[-8.99489906097, -8.11041636236]
[-5.48428099892, -7.67122986338]
[-7.29913117743, -8.41651636219]
[-8.59008471182, -8.42490312464]
[-4.19783714493, -5.38023932466]
[-5.87940557854, -6.8141669566]
[-7.90054573171, -7.79065425468]
[-0.652119153117, -1.74182545914]
[-8.33239928186, -7.0312005099]
[-6.4417884951, -8.39349443328]
[-7.75497787204, -7.48161977876]
[-6.36036547263, -6.40458263278]
[-7.1047671005, -6.98368458375]
[-7.96994069182, -7.6795684207]
[-6.90526014671, -9.37180954392]
[-6.96061447819, -6.40236642057]
[-10.2403847188, -9.36635284843]
[-3.74930115037, -6.2019391942]
[-2.96198799528, -5.70639988711]
[-7.94211614169, -9.36012081972]
[-6.21114694762, -6.26878123117]
[-6.79096280298, -7.28869546298]
[-7.23975385081, -7.51681845343]
[-4.4035508932, -5.71714436952]
[-8.55310526664, -7.01810769673]
[-8.56233537871, -9.04356802382]
[-7.97989967205, -9.96806683686]
[-7.63284761074, -4.14000667948]
[-5.23034841134, -2.26350597374]
[-3.31735557266, -5.07824249338]
[-8.38653012114, -9.55383103744]
[-6.29227064862, -8.07004809618]
[-6.64732463023, -8.1733603193]
[-7.28746855576, -8.89394236585]
[-4.64406632506, -6.83626846887]
[-7.35397080043, -7.52627094064]
[-8.21694307925, -8.43959947286]
[-6.45849963276, -7.7317051559]
[-7.38369158097, -6.99494610248]
[-6.19111902508, -7.44843761775]
[-4.90447652491, -3.83049744291]
[-8.40743983186, -8.75411002979]
[-7.03060495368, -6.06924559455]
[-3.68018769242, -6.7955986772]
[-6.3306456337, -9.39992682654]
[-6.7539646148, -7.02108160357]
[-5.35908840929, -6.13721944388]
[-9.04431891119, -10.3304755357]
[-7.40915886243, -6.54479329166]
[-10.0183228477, -9.5387147613]
[-8.2224063326, -8.31374000585]
[-2.49780282506, -3.88007928988]
[-4.60389037433, -4.13019235495]
[-6.72919467697, -7.67636033585]
[-3.66440950527, -3.70776711862]
[-6.95707066352, -9.5061847872]
[-4.13957973905, -7.00622224107]
[-4.69762146271, -6.20897953909]
[-6.608662493, -7.83954123397]
[-5.55936695784, -7.06282356738]
[-3.9914250081, -4.90307794353]
[-7.38121096133, -6.02829064883]
[-4.9170739015, -5.40391064474]
[-4.6967109921, -5.51223721707]
[-3.97716659201, -5.1383824245]
[-4.16309268217, -7.13605679566]
[-7.65009863854, -7.425347622]
[-7.47911103742, -7.95535481159]
[-4.1306188342, -6.48698256274]
[-9.30345916992, -11.20075189]
[-7.81147905437, -8.22992392117]
[-7.06282356738, -6.9541185887]
[-5.97749892188, -6.59732394999]
[-5.10110387098, -5.07206121132]
[-7.3620101421, -6.42788706511]
[-6.59052792202, -6.68730446638]
[-6.13721944388, -4.13872592113]
[-7.01335156265, -6.41456259133]
[-8.10434914905, -7.08916442043]
[-6.56565454713, -4.83112259261]
[-9.17902176381, -7.56735100605]
[-6.48027228908, -5.42616124944]
[-6.99138825578, -7.34902720916]
[-7.22329810297, -6.09701312473]
[-4.80849886727, -5.5227440403]
[-7.02762778496, -5.93224884929]
[-6.23556763371, -5.48178927807]
[-7.49040608405, -5.3057029205]
[-6.33339320265, -5.24730689369]
[-7.51366990893, -6.93466001785]
[-5.57849222958, -6.25134186853]
[-8.05864444749, -5.18448445153]
[-5.83310569484, -4.80066356793]
[-6.33394282075, -5.95747562945]
[-6.08044872127, -4.59893768591]
[-2.38439785701, -3.76687028186]
[-8.37261822638, -7.30527569497]
[-6.679865712, -6.23991628623]
[-4.96858622955, -4.80434988719]
[-7.60735334637, -5.9532660748]
[-8.69764684306, -7.62072850445]
[-4.4450194887, -6.12218730527]
[-8.9963925083, -6.71482595634]
[-6.76088978131, -6.29391181813]
[-3.38715344978, -5.47282499693]
[-5.92280766397, -5.44152266936]
[-5.16092263609, -7.02822313708]
[-7.34532136129, -6.65701711369]
[-7.61180944434, -8.63008559006]
[-3.09497238222, -5.37531590902]
[-6.02935197454, -5.4857763746]
[-7.09456217699, -5.53476742157]
[-4.32774469088, -3.84204125085]
[-7.74721336946, -6.48362677791]
[-7.61881650614, -7.26419018607]
[-3.36799094713, -4.53570206704]
[-8.71281239939, -6.04688259778]
[-7.41911760478, -8.15978543236]
[-4.67625059403, -5.95116206229]
[-10.0385069535, -8.29305438132]
[-5.66711677401, -6.60525937569]
[-8.55097663298, -8.61720806415]
[-7.94873295441, -6.60696076768]
[-5.0185161014, -3.77096122469]
[-9.63704211253, -7.74010200097]
[-7.70591950645, -7.76858247541]
[-8.30477018615, -8.08751798144]
[-6.6484643612, -8.39697868446]
[-7.20505042895, -8.58224899669]
[-4.75425784758, -7.09096329993]
[-6.67872185348, -8.3670597015]
[-4.31031101623, -6.9665240509]
[-9.01657922022, -6.28406944922]
[-5.31547387562, -5.38023932466]
[-5.85648490169, -4.97187464882]
[-10.7141250096, -10.3645019662]
[-8.10569705247, -9.32670005866]
[-9.52283126115, -6.80545813299]
[-14.3744723572, -10.3925209893]
[-4.22366368551, -6.05912186841]
[-15.6287478921, -15.4166161145]
[-16.1148562283, -16.6064442419]
[-13.2457248939, -14.8828647703]
[-14.8169346175, -16.3973490821]
[-17.4475799478, -18.9470469965]
[-19.1010351634, -14.2491565161]
[-19.1513743915, -17.2715482379]
[-19.2068446513, -18.0318971853]
[-16.6730582935, -17.7860340501]
[-15.09425418, -14.3053938188]
[-13.2019855334, -13.4204328134]
[-7.09696225703, -9.42499660749]
[-15.3511795064, -16.1199421402]
[-11.9575732063, -14.0477943196]
[-14.2286725282, -13.934980354]
[-13.0852169126, -13.2933590843]
[-11.8107483425, -10.1478074997]
[-13.2396367955, -14.2916437928]
[-14.9433732938, -15.5871808828]
[-10.1914015853, -11.7623531236]
[-12.0144678834, -12.2349989881]
[-9.45801088839, -11.3228855946]
[-8.8607942924, -10.484212109]
[-14.0812556818, -14.3619976073]
[-9.55622022454, -10.2231661788]
[-6.51948883368, -7.9170181236]
[-11.9649274526, -13.4030510959]
[-9.00909718889, -9.99650953276]
[-13.7846451528, -12.2697643214]
[-13.5987270655, -14.9211871013]
[-11.8552622657, -12.869106546]
[-13.7600557148, -15.2677646664]
[-9.13110683584, -9.39601620127]
[-7.73299644998, -9.49431395081]
[-14.9715574024, -13.3056151744]
[-12.0983799125, -14.8096398412]
[-8.55594425658, -10.4426548644]
[-9.86264116413, -12.4423773905]
[-8.54459386014, -10.0166429541]
[-13.7033776042, -14.515709447]
[-9.97893099042, -12.8040346938]
[-8.3587285782, -10.618187356]
[-15.9187932906, -16.9877388532]
[-12.3715981681, -13.8392490394]
[-9.73161743503, -10.9812051611]
[-21.47483091, -19.0343668235]
[-17.4416543833, -13.89551093]
[-20.7028444228, -17.9624349569]
[-23.1348116314, -24.4061919178]
[-20.1005146626, -15.5267847005]
[-21.0070278717, -16.4131209026]
[-25.2662425727, -23.2612237228]
[-19.2189504228, -22.8321107214]
[-21.4309626873, -25.1359879684]
[-35.4857016458, -31.6795762091]
[-33.4565488306, -30.9858989681]
[-29.0495769411, -28.900587188]
[-31.9167131472, -35.4699520683]
[-30.1452499427, -32.7268160328]
[-23.3348498175, -23.9474669236]
[-25.6335863635, -27.9633077097]
